"ID_carre"	"occ1"	"occ2"	"occ3"	"occ4"	"temp1"	"temp2"	"temp3"	"temp4"	"mare1"	"mare2"	"mare3"	"mare4"	"dist_bombina"	"dist_coursEau"	"dist_planEau"	"prairie_surf"	"planEau_surf"	"nb_planEau"
1	0	0	0	1	-0.571919874897414	-2.34201060681143	-1.34317509503864	0.0963887001107553	0.216092148205603	0.216092148205603	0.216092148205603	0.216092148205603	1.56683059967337	0.765220188201701	-0.114897705147797	-0.775229499939631	-0.518067360799264	0.216092148205603
2	0	0	0	0	-0.571919874897414	-1.69668047405053	1.39257050164543	-0.974596856675416	-0.524795217070751	-0.524795217070751	-0.524795217070751	-0.524795217070751	0.81500252118965	-0.89648580636776	-0.269273908005578	0.293753857225335	-0.518067360799264	-0.524795217070751
3	0	0	0	0	-1.05353661165313	-2.01934554043098	-1.34317509503864	-1.83138530210435	-1.26568258234711	-1.26568258234711	-1.26568258234711	-1.26568258234711	-0.694349303039042	-0.766021286132967	0.3643117578899	-0.868647354233808	-0.518067360799264	-1.26568258234711
4	0	0	1	0	-0.812728243275273	-2.01934554043098	-1.11519629531496	1.16737425689693	0.216092148205603	0.216092148205603	0.216092148205603	0.216092148205603	-0.66587096673284	-0.553158121539359	0.949654860392321	-0.0799845403523572	-0.518067360799264	0.216092148205603
5	0	0	1	0	-1.77596171678671	0.561974990612616	-0.887217495591291	0.0963887001107553	2.43875424403467	2.43875424403467	2.43875424403467	2.43875424403467	0.311885246446752	-0.910218913760896	1.4964039121803	0.92040890369404	-0.518067360799264	2.43875424403467
6	1	0	1	0	-1.05353661165313	-1.05135034128963	-1.34317509503864	1.16737425689693	-0.524795217070751	-0.524795217070751	-0.524795217070751	-0.524795217070751	-0.775987200450153	-0.834686823098648	0.193854700567766	-0.625511302047447	-0.518067360799264	-0.524795217070751
7	0	0	1	1	-1.77596171678671	0.239309924232167	0.0246977033033981	-1.61718819074712	0.216092148205603	0.216092148205603	0.216092148205603	0.216092148205603	-0.610812849874183	0.90941781582963	1.51891710843039	-0.868647354233808	-0.518067360799264	0.216092148205603
8	0	0	0	0	0.632121966991879	-0.0833551421482827	0.708634102474415	-0.974596856675416	2.43875424403467	2.43875424403467	2.43875424403467	2.43875424403467	-0.0982027963625523	2.39945996798489	2.49341688897013	-0.868647354233808	-0.518067360799264	2.43875424403467
9	1	0	1	1	-0.812728243275273	-2.66467567319188	0.0246977033033981	-1.61718819074712	1.69786687875831	1.69786687875831	1.69786687875831	1.69786687875831	-0.800668425248861	-0.0175669332070532	-0.127762388719279	-0.868647354233808	-0.518067360799264	1.69786687875831
10	0	0	0	0	-1.29434498003099	-0.728685274909182	-1.11519629531496	0.0963887001107553	-0.524795217070751	-0.524795217070751	-0.524795217070751	-0.524795217070751	0.818799632697143	-0.717955410256991	2.00134274236096	-0.768942610058249	-0.518067360799264	-0.524795217070751
11	0	0	0	0	-1.53515334840885	-0.728685274909182	-1.11519629531496	0.0963887001107553	-0.524795217070751	-0.524795217070751	-0.524795217070751	-0.524795217070751	0.748553069808512	-0.614957104808471	1.11046340503584	1.00209734383533	-0.518067360799264	-0.524795217070751
12	0	0	0	0	0.150505230236162	0.561974990612616	-0.203281096420274	-0.974596856675416	-0.524795217070751	-0.524795217070751	-0.524795217070751	-0.524795217070751	-0.413363051484518	3.06551567655199	1.36132473467974	0.369436564859425	-0.518067360799264	-0.524795217070751
13	0	0	0	0	-0.571919874897414	0.561974990612616	0.0246977033033981	-0.760399745318182	-1.26568258234711	-1.26568258234711	-1.26568258234711	-1.26568258234711	-0.470319724096921	0.147230355510579	0.345014732532677	-0.868647354233808	-0.518067360799264	-1.26568258234711
14	1	1	1	1	-0.331111506519556	0.561974990612616	-1.34317509503864	1.5957684796114	1.69786687875831	1.69786687875831	1.69786687875831	1.69786687875831	-0.922175993488655	-0.869019591581488	-0.0956006797905741	-0.868647354233808	-0.518067360799264	1.69786687875831
15	0	0	1	0	0.872930335369738	0.561974990612616	-1.34317509503864	-0.974596856675416	-0.524795217070751	-0.524795217070751	-0.524795217070751	-0.524795217070751	0.247334350819362	0.469958379249276	0.0426946686028551	1.38517746504463	-0.518067360799264	-0.524795217070751
16	0	0	0	0	-0.571919874897414	-0.728685274909182	-1.11519629531496	-0.117808411246479	-0.524795217070751	-0.524795217070751	-0.524795217070751	-0.524795217070751	1.07320610369921	-0.875886145278056	-0.57481014282827	1.98996605057392	-0.518067360799264	-0.524795217070751
17	0	0	0	0	-0.571919874897414	0.884640056993066	0.708634102474415	0.524782922825224	-0.524795217070751	-0.524795217070751	-0.524795217070751	-0.524795217070751	0.862466415033319	1.27334516174773	1.81480483057447	-0.868647354233808	-0.518067360799264	-0.524795217070751
18	0	0	1	1	-0.812728243275273	0.561974990612616	-1.11519629531496	1.38157136825416	1.69786687875831	1.69786687875831	1.69786687875831	1.69786687875831	0.4314942589328	0.188429677689987	1.2133808736077	-0.836979722248727	-0.518067360799264	1.69786687875831
19	0	0	0	0	-0.812728243275273	1.20730512337352	0.708634102474415	-2.04558241346159	-0.524795217070751	-0.524795217070751	-0.524795217070751	-0.524795217070751	1.93515041590025	1.38321002089282	0.547633498783515	-0.868647354233808	-0.518067360799264	-0.524795217070751
20	0	0	0	0	-0.812728243275273	-0.406020208528732	0.0246977033033981	0.0963887001107553	0.216092148205603	0.216092148205603	0.216092148205603	0.216092148205603	-0.155159468974956	-0.388360832821726	0.187422358782025	1.10880398831702	-0.518067360799264	0.216092148205603
21	0	0	0	0	-0.090303138141697	0.884640056993066	2.07650690081645	1.16737425689693	-1.26568258234711	-1.26568258234711	-1.26568258234711	-1.26568258234711	1.75478761929431	-0.601223997415335	1.99169422968234	0.931651710205986	-0.518067360799264	-1.26568258234711
22	0	0	0	0	1.35454707212546	0.561974990612616	0.708634102474415	-0.546202633960948	-0.524795217070751	-0.524795217070751	-0.524795217070751	-0.524795217070751	0.011913437354761	-0.628690212201607	-0.185653464790947	1.56919237561593	-0.518067360799264	-0.524795217070751
23	0	0	0	1	-0.331111506519556	-0.728685274909182	-0.203281096420274	-0.974596856675416	-0.524795217070751	-0.524795217070751	-0.524795217070751	-0.524795217070751	-0.460826945328188	0.744620527111997	0.396473466818604	-0.863957553015777	-0.518067360799264	-0.524795217070751
24	0	0	0	0	-0.331111506519556	-0.728685274909182	-0.203281096420274	-0.974596856675416	-0.524795217070751	-0.524795217070751	-0.524795217070751	-0.524795217070751	-0.274768481461003	0.106031033331171	-0.233896028184003	0.633710014473278	-0.518067360799264	-0.524795217070751
25	0	0	0	0	1.83616380888117	0.884640056993066	1.16459170192176	0.31058581146799	-0.524795217070751	-0.524795217070751	-0.524795217070751	-0.524795217070751	-0.430450053268239	-0.903352360064328	-1.0829651439018	-0.868647354233808	3.90610459259812	-0.524795217070751
26	1	0	0	0	1.59535544050331	0.884640056993066	0.708634102474415	-2.04558241346159	-0.524795217070751	-0.524795217070751	-0.524795217070751	-0.524795217070751	-0.810161204017595	-0.525691906753087	-1.0829651439018	-0.868647354233808	1.59258724329385	-0.524795217070751
27	0	0	0	0	0.150505230236162	-0.0833551421482827	0.936612902198087	-0.974596856675416	-1.26568258234711	-1.26568258234711	-1.26568258234711	-1.26568258234711	0.845379413249598	-0.333428403249182	-0.275706249791319	-0.75587016307476	-0.518067360799264	-1.26568258234711
28	0	0	0	0	0.39131359861402	-0.406020208528732	-1.57115389476231	-1.83138530210435	-0.524795217070751	-0.524795217070751	-0.524795217070751	-0.524795217070751	1.55923637665839	2.52992448821968	1.57680818450206	-0.868647354233808	-0.518067360799264	-0.524795217070751
29	0	0	0	0	0.39131359861402	0.884640056993066	0.708634102474415	-0.760399745318182	-1.26568258234711	-1.26568258234711	-1.26568258234711	-1.26568258234711	0.0024206585860271	2.50245827343341	-0.118113876040667	-0.868647354233808	-0.518067360799264	-1.26568258234711
30	0	0	0	0	0.39131359861402	0.884640056993066	0.25267650302707	-0.760399745318182	0.216092148205603	0.216092148205603	0.216092148205603	0.216092148205603	-0.221608920356093	1.7952032426869	0.193854700567766	-0.868647354233808	-0.518067360799264	0.216092148205603
31	0	0	0	0	1.35454707212546	0.884640056993066	0.25267650302707	0.0963887001107553	-0.524795217070751	-0.524795217070751	-0.524795217070751	-0.524795217070751	2.30916589938837	0.435625610766436	-0.899643403008185	0.253463558176129	0.159269904598595	-0.524795217070751
32	0	0	0	0	0.39131359861402	-0.406020208528732	-1.57115389476231	-1.83138530210435	-1.26568258234711	-1.26568258234711	-1.26568258234711	-1.26568258234711	1.12256855329663	2.66725556215104	2.59955052843486	-0.868647354233808	-0.518067360799264	-1.26568258234711
33	0	0	0	0	1.83616380888117	0.884640056993066	0.25267650302707	-0.332005522603713	-0.524795217070751	-0.524795217070751	-0.524795217070751	-0.524795217070751	1.50227970404598	-0.196097329317822	-0.163140268540853	2.10336956279938	-0.518067360799264	-0.524795217070751
34	0	0	0	0	0.39131359861402	-1.37401540767008	1.16459170192176	-0.974596856675416	-0.524795217070751	-0.524795217070751	-0.524795217070751	-0.524795217070751	-0.272869925707256	-0.841553376795215	1.05578849985705	1.48960624689853	-0.518067360799264	-0.524795217070751
35	0	0	0	0	-0.571919874897414	-0.0833551421482827	0.936612902198087	0.0963887001107553	2.43875424403467	2.43875424403467	2.43875424403467	2.43875424403467	0.0821600002433919	-0.669889534381015	0.505823277176199	1.83279940257581	-0.518067360799264	2.43875424403467
36	0	0	0	0	1.83616380888117	0.884640056993066	0.25267650302707	-0.332005522603713	-0.524795217070751	-0.524795217070751	-0.524795217070751	-0.524795217070751	1.4662071447248	-0.539425014146223	0.541201156997774	1.8013745182292	-0.518067360799264	-0.524795217070751
37	0	0	0	0	0.39131359861402	-0.0833551421482827	-1.57115389476231	-1.83138530210435	0.216092148205603	0.216092148205603	0.216092148205603	0.216092148205603	0.518827823605152	0.071698264848331	2.48698454718439	-0.868647354233808	-0.518067360799264	0.216092148205603
38	0	0	0	0	0.39131359861402	-0.0833551421482827	-1.34317509503864	-0.760399745318182	-0.524795217070751	-0.524795217070751	-0.524795217070751	-0.524795217070751	-0.0887100175938184	0.648488775360045	1.76656226718141	-0.868647354233808	-0.518067360799264	-0.524795217070751
39	0	0	0	0	1.1137387037476	0.884640056993066	0.708634102474415	-0.332005522603713	0.216092148205603	0.216092148205603	0.216092148205603	0.216092148205603	2.36802112775452	-0.182364221924686	-0.970399162651335	-0.0182723673980192	-0.0797027426900425	0.216092148205603
40	0	0	0	0	0.39131359861402	-0.0833551421482827	-1.34317509503864	-0.760399745318182	-0.524795217070751	-0.524795217070751	-0.524795217070751	-0.524795217070751	-0.147565245959969	0.669088436449749	2.40336410396976	-0.868647354233808	-0.518067360799264	-0.524795217070751
41	1	1	0	0	0.150505230236162	-0.0833551421482827	-1.11519629531496	0.0963887001107553	0.956979513481958	0.956979513481958	0.956979513481958	0.956979513481958	-0.762697310173926	1.88446844074229	1.49962008307317	-0.868647354233808	-0.518067360799264	0.956979513481958
42	0	0	0	0	-0.812728243275273	-0.728685274909182	0.936612902198087	-0.760399745318182	-0.524795217070751	-0.524795217070751	-0.524795217070751	-0.524795217070751	0.780828517622208	-0.724821963953559	1.76012992539567	0.435167524373679	-0.518067360799264	-0.524795217070751
43	0	0	0	0	0.39131359861402	-0.728685274909182	-0.659238695867619	-1.83138530210435	-1.26568258234711	-1.26568258234711	-1.26568258234711	-1.26568258234711	0.98017687176562	-0.264762866283502	1.25840726610788	0.899520672724495	-0.518067360799264	-1.26568258234711
44	0	0	1	0	2.07697217725903	0.239309924232167	0.25267650302707	0.0963887001107553	-0.524795217070751	-0.524795217070751	-0.524795217070751	-0.524795217070751	0.488450931545203	-0.855286484188352	-1.0829651439018	0.228454181001327	1.63097621841956	-0.524795217070751
45	0	0	0	0	0.39131359861402	-0.728685274909182	1.39257050164543	-1.83138530210435	-1.26568258234711	-1.26568258234711	-1.26568258234711	-1.26568258234711	0.344160694260448	-0.594357443718767	0.965735714856673	-0.678893072583282	-0.518067360799264	-1.26568258234711
46	0	1	0	0	0.150505230236162	-0.0833551421482827	-0.659238695867619	0.0963887001107553	0.216092148205603	0.216092148205603	0.216092148205603	0.216092148205603	-0.715233416330256	1.35574380610655	1.00754593646399	-0.868647354233808	-0.518067360799264	0.216092148205603
47	0	0	0	0	1.83616380888117	0.239309924232167	0.25267650302707	0.0963887001107553	-0.524795217070751	-0.524795217070751	-0.524795217070751	-0.524795217070751	0.15430511888577	-0.498225691966815	-0.976831504437076	1.29729938255618	0.915652892002855	-0.524795217070751
48	0	0	0	0	0.39131359861402	-0.728685274909182	1.39257050164543	-1.83138530210435	-1.26568258234711	-1.26568258234711	-1.26568258234711	-1.26568258234711	0.862466415033319	-0.903352360064328	0.113450428246005	1.5236783165437	-0.518067360799264	-1.26568258234711
49	0	0	0	0	1.83616380888117	0.239309924232167	0.25267650302707	0.0963887001107553	1.69786687875831	1.69786687875831	1.69786687875831	1.69786687875831	-0.360203490379608	-0.731688517650127	-1.0829651439018	0.157779682255445	2.65663086088098	1.69786687875831
50	0	0	0	0	0.150505230236162	0.561974990612616	1.39257050164543	1.16737425689693	-1.26568258234711	-1.26568258234711	-1.26568258234711	-1.26568258234711	0.676407951166135	-0.251029758890366	0.0169653014598915	0.877190427220778	-0.518067360799264	-1.26568258234711
51	0	0	0	0	0.39131359861402	0.561974990612616	1.39257050164543	0.31058581146799	0.216092148205603	0.216092148205603	0.216092148205603	0.216092148205603	1.37887358005244	-0.161764560834982	-1.0508034349731	1.14574890559773	0.815429239216531	0.216092148205603
52	0	0	0	0	0.150505230236162	-0.728685274909182	0.708634102474415	0.31058581146799	0.216092148205603	0.216092148205603	0.216092148205603	0.216092148205603	-0.517783617940591	-0.820953715705511	0.0845048902101709	2.1217291519395	-0.518067360799264	0.216092148205603
53	0	0	0	0	0.39131359861402	0.561974990612616	0.0246977033033981	0.0963887001107553	-0.524795217070751	-0.524795217070751	-0.524795217070751	-0.524795217070751	-0.166550803497436	0.0854313722414671	-1.0829651439018	-0.268604730248466	2.87542396025965	-0.524795217070751
54	0	0	0	0	0.39131359861402	0.884640056993066	0.0246977033033981	0.31058581146799	2.43875424403467	2.43875424403467	2.43875424403467	2.43875424403467	0.338465026999207	1.80893635008004	-0.854617010507999	1.61741853492482	0.0214516585111452	2.43875424403467
55	0	0	0	0	-0.090303138141697	0.239309924232167	0.25267650302707	-0.117808411246479	0.216092148205603	0.216092148205603	0.216092148205603	0.216092148205603	0.611857055538744	-0.601223997415335	-1.06366811854458	-0.868647354233808	1.71974478049251	0.216092148205603
56	0	0	0	0	-0.812728243275273	-0.406020208528732	0.936612902198087	0.0963887001107553	-0.524795217070751	-0.524795217070751	-0.524795217070751	-0.524795217070751	0.253030018080602	-0.436426708697702	-0.578026313721141	2.16389151673967	-0.518067360799264	-0.524795217070751
57	0	0	0	0	0.150505230236162	0.884640056993066	0.0246977033033981	0.31058581146799	-0.524795217070751	-0.524795217070751	-0.524795217070751	-0.524795217070751	0.676407951166135	1.48620832634134	-0.825671472472165	0.735942691300212	-0.0188256737544771	-0.524795217070751
58	0	0	0	0	-0.571919874897414	0.239309924232167	0.25267650302707	-0.117808411246479	0.216092148205603	0.216092148205603	0.216092148205603	0.216092148205603	1.79845440163048	2.01493296097708	0.229232580389341	-0.868647354233808	-0.518067360799264	0.216092148205603
59	0	0	0	0	0.39131359861402	0.239309924232167	0.708634102474415	-0.332005522603713	-0.524795217070751	-0.524795217070751	-0.524795217070751	-0.524795217070751	0.632741168829958	0.52489080882182	-0.986480017115687	0.0306656468390293	0.6770835950415	-0.524795217070751
60	0	0	0	0	0.39131359861402	-0.728685274909182	2.07650690081645	1.16737425689693	-1.26568258234711	-1.26568258234711	-1.26568258234711	-1.26568258234711	2.13449877004366	1.47247521894821	0.840305050034725	-0.868647354233808	-0.518067360799264	-1.26568258234711
61	0	0	0	0	-0.812728243275273	-0.406020208528732	0.936612902198087	0.0963887001107553	-0.524795217070751	-0.524795217070751	-0.524795217070751	-0.524795217070751	0.923220199153216	-0.649289873291311	0.380392612354252	1.84990933022611	-0.518067360799264	-0.524795217070751
62	0	0	0	0	0.39131359861402	-0.728685274909182	-0.659238695867619	1.16737425689693	0.956979513481958	0.956979513481958	0.956979513481958	0.956979513481958	1.73959917326433	1.82953601116974	1.26483960789362	-0.868647354233808	-0.518067360799264	0.956979513481958
63	0	0	0	0	-0.331111506519556	-2.01934554043098	1.39257050164543	0.0963887001107553	-0.524795217070751	-0.524795217070751	-0.524795217070751	-0.524795217070751	1.20990211796898	-0.889619252671192	0.322501536282584	1.87266624236951	-0.518067360799264	-0.524795217070751
64	0	0	0	0	0.872930335369738	0.561974990612616	0.25267650302707	-0.760399745318182	0.216092148205603	0.216092148205603	0.216092148205603	0.216092148205603	1.43583025266485	3.33331127071814	0.640902454676758	-0.868647354233808	-0.518067360799264	0.216092148205603
65	0	0	0	0	0.39131359861402	-0.728685274909182	-0.659238695867619	1.16737425689693	-1.26568258234711	-1.26568258234711	-1.26568258234711	-1.26568258234711	1.77946884409301	0.00989928157921887	1.43208049432289	-0.868530481312763	-0.518067360799264	-1.26568258234711
66	0	0	0	0	0.39131359861402	-0.728685274909182	-0.659238695867619	1.16737425689693	-1.26568258234711	-1.26568258234711	-1.26568258234711	-1.26568258234711	1.42633747389611	-0.539425014146223	0.849953562713337	0.0502439880600366	-0.518067360799264	-1.26568258234711
67	0	0	0	0	-0.331111506519556	-2.01934554043098	1.39257050164543	0.0963887001107553	-0.524795217070751	-0.524795217070751	-0.524795217070751	-0.524795217070751	1.5839176014571	-0.766021286132967	0.135963624496098	2.17262771484556	-0.518067360799264	-0.524795217070751
68	0	0	0	0	0.150505230236162	-1.69668047405053	0.936612902198087	1.16737425689693	-0.524795217070751	-0.524795217070751	-0.524795217070751	-0.524795217070751	1.50987392706097	-0.820953715705511	0.354663245211288	0.0685511364068967	-0.518067360799264	-0.524795217070751
69	0	0	0	0	0.872930335369738	0.561974990612616	0.25267650302707	-0.760399745318182	2.43875424403467	2.43875424403467	2.43875424403467	2.43875424403467	2.21993377896227	-0.882752698974624	0.29677216913962	-0.0502084627427429	-0.518067360799264	2.43875424403467
70	0	0	0	0	0.872930335369738	0.561974990612616	0.25267650302707	-0.760399745318182	2.43875424403467	2.43875424403467	2.43875424403467	2.43875424403467	2.26929622855968	2.77712042129613	-0.391488401934655	-0.868647354233808	-0.518067360799264	2.43875424403467
71	0	0	0	0	-0.571919874897414	-2.66467567319188	-0.659238695867619	-1.83138530210435	0.956979513481958	0.956979513481958	0.956979513481958	0.956979513481958	-0.827248205801316	-0.484492584573678	0.914276980570746	-0.868647354233808	-0.518067360799264	0.956979513481958
72	1	0	1	1	-0.812728243275273	-2.34201060681143	0.0246977033033981	-1.61718819074712	0.956979513481958	0.956979513481958	0.956979513481958	0.956979513481958	-0.787378534972634	-0.47762603087711	-0.770996567293368	-0.427416362786582	-0.515351892488683	0.956979513481958
73	1	1	0	1	-0.812728243275273	-2.34201060681143	-1.11519629531496	1.38157136825416	0.216092148205603	0.216092148205603	0.216092148205603	0.216092148205603	-0.935465883764883	-0.683622641774151	-1.01542555515152	-0.868647354233808	0.783224382602111	0.216092148205603
74	1	1	0	1	-0.812728243275273	-2.34201060681143	-1.11519629531496	1.38157136825416	0.216092148205603	0.216092148205603	0.216092148205603	0.216092148205603	-0.880407766906226	-0.704222302863855	-1.0829651439018	-0.276623376348094	1.58825934922803	0.216092148205603
75	0	0	0	0	-0.812728243275273	0.239309924232167	1.16459170192176	0.0963887001107553	-1.26568258234711	-1.26568258234711	-1.26568258234711	-1.26568258234711	-0.83104531730881	-0.148031453441846	-0.311084129612894	1.13921727033705	-0.518067360799264	-1.26568258234711
76	1	1	1	0	-0.812728243275273	0.884640056993066	-1.34317509503864	1.5957684796114	0.216092148205603	0.216092148205603	0.216092148205603	0.216092148205603	-0.800668425248861	-0.546291567842791	-1.0829651439018	-0.868647354233808	1.41052218674956	0.216092148205603
77	1	0	1	1	-1.05353661165313	0.884640056993066	0.708634102474415	0.31058581146799	-0.524795217070751	-0.524795217070751	-0.524795217070751	-0.524795217070751	-0.817755427032582	-0.628690212201607	-0.922156599258278	-0.78546100795229	-0.308517902380222	-0.524795217070751
78	1	1	1	1	-0.812728243275273	0.884640056993066	-1.34317509503864	1.5957684796114	0.956979513481958	0.956979513481958	0.956979513481958	0.956979513481958	-0.893697657182454	1.06734855085069	-0.259625395326967	-0.868647354233808	-0.518067360799264	0.956979513481958
79	1	0	1	1	-1.05353661165313	0.884640056993066	0.708634102474415	0.31058581146799	-0.524795217070751	-0.524795217070751	-0.524795217070751	-0.524795217070751	-0.770291533188913	-0.704222302863855	-1.028290238723	-0.0300845219729667	-0.302010667630491	-0.524795217070751
80	1	1	1	0	-2.01677008516457	0.239309924232167	-1.11519629531496	1.5957684796114	-0.524795217070751	-0.524795217070751	-0.524795217070751	-0.524795217070751	-0.842436651831291	-0.148031453441846	-0.79029359265059	1.12757075830085	-0.469256268949536	-0.524795217070751
81	1	1	1	1	-2.01677008516457	0.239309924232167	-1.11519629531496	1.5957684796114	-0.524795217070751	-0.524795217070751	-0.524795217070751	-0.524795217070751	-0.846233763338784	-0.882752698974624	-1.01864172604439	-0.830766777518315	0.926083771118393	-0.524795217070751
82	1	1	1	1	-0.812728243275273	0.884640056993066	-1.34317509503864	1.5957684796114	2.43875424403467	2.43875424403467	2.43875424403467	2.43875424403467	-0.869016432383745	1.14288064151294	0.119882770031746	-0.868647354233808	-0.518067360799264	2.43875424403467
83	1	1	1	1	-1.05353661165313	0.561974990612616	0.708634102474415	0.31058581146799	2.43875424403467	2.43875424403467	2.43875424403467	2.43875424403467	-0.794972757987621	0.147230355510579	0.354663245211288	-0.868647354233808	-0.518067360799264	2.43875424403467
84	1	1	1	1	-2.01677008516457	0.239309924232167	-1.34317509503864	1.5957684796114	2.43875424403467	2.43875424403467	2.43875424403467	2.43875424403467	-0.815856871278836	0.119764140724307	-0.529783750328084	-0.540780252400449	-0.518067360799264	2.43875424403467
85	1	1	1	1	-1.53515334840885	-1.69668047405053	-0.203281096420274	1.16737425689693	0.956979513481958	0.956979513481958	0.956979513481958	0.956979513481958	-0.903190435951188	-0.738555071346695	-1.0829651439018	-0.59187494545911	2.73473481581642	0.956979513481958
86	1	1	1	1	-1.53515334840885	-1.05135034128963	-0.203281096420274	1.16737425689693	0.956979513481958	0.956979513481958	0.956979513481958	0.956979513481958	-0.874712099644986	-0.669889534381015	-1.0829651439018	-0.281139778139715	3.02400420467685	0.956979513481958
87	1	1	1	1	-1.53515334840885	-0.728685274909182	-0.203281096420274	1.16737425689693	0.956979513481958	0.956979513481958	0.956979513481958	0.956979513481958	-0.793074202233874	-0.553158121539359	-0.93180511193689	-0.85235410895902	0.276916255867085	0.956979513481958
88	0	0	0	0	-0.571919874897414	1.52997018975397	0.708634102474415	0.524782922825224	-0.524795217070751	-0.524795217070751	-0.524795217070751	-0.524795217070751	1.5231638173372	-0.614957104808471	-0.64234973157855	0.451054882230051	-0.518067360799264	-0.524795217070751
89	0	0	0	0	-0.812728243275273	0.239309924232167	0.708634102474415	-0.974596856675416	-0.524795217070751	-0.524795217070751	-0.524795217070751	-0.524795217070751	-0.888001989921213	-0.663022980684447	-0.851400839615129	-0.822511314437024	-0.272332111820081	-0.524795217070751
90	0	0	0	0	-0.812728243275273	0.239309924232167	-0.203281096420274	1.16737425689693	-0.524795217070751	-0.524795217070751	-0.524795217070751	-0.524795217070751	-0.861422209368758	-0.40896049391143	-0.980047675329946	-0.868647354233808	-0.394736114240838	-0.524795217070751
91	1	0	0	1	-0.812728243275273	-0.0833551421482827	0.708634102474415	-0.974596856675416	0.956979513481958	0.956979513481958	0.956979513481958	0.956979513481958	-0.789277090726381	-0.326561849552614	-0.925372770151149	-0.868647354233808	0.386194363769889	0.956979513481958
92	0	0	0	0	0.39131359861402	1.52997018975397	0.936612902198087	-0.974596856675416	-0.524795217070751	-0.524795217070751	-0.524795217070751	-0.524795217070751	-0.83104531730881	-0.251029758890366	0.595876062176572	0.545327378355894	-0.518067360799264	-0.524795217070751
93	0	0	0	1	-0.812728243275273	1.20730512337352	1.16459170192176	0.0963887001107553	0.216092148205603	0.216092148205603	0.216092148205603	0.216092148205603	-0.643088297687879	-0.354028064338886	-0.738834858364663	-0.787092447210524	-0.39381805769342	0.216092148205603
94	0	0	0	1	1.83616380888117	0.884640056993066	0.936612902198087	-0.974596856675416	0.216092148205603	0.216092148205603	0.216092148205603	0.216092148205603	-0.920277437734909	-0.697355749167287	-1.0829651439018	-0.0192004840678355	0.136385849488397	0.216092148205603
95	0	0	0	0	-0.812728243275273	0.884640056993066	1.16459170192176	0.31058581146799	-0.524795217070751	-0.524795217070751	-0.524795217070751	-0.524795217070751	-0.844335207585037	0.215895892476259	-0.938237453722631	1.11078472900136	-0.183224764723069	-0.524795217070751
96	0	0	0	0	1.83616380888117	0.884640056993066	0.936612902198087	-0.974596856675416	-1.26568258234711	-1.26568258234711	-1.26568258234711	-1.26568258234711	-0.815856871278836	-0.779754393526103	-0.976831504437076	0.133038390431466	0.702719677683882	-1.26568258234711
97	0	0	0	1	1.83616380888117	0.884640056993066	0.936612902198087	-0.974596856675416	0.956979513481958	0.956979513481958	0.956979513481958	0.956979513481958	-0.7778857562039	-0.0175669332070532	-0.944669795508371	-0.868647354233808	0.539733317906912	0.956979513481958
98	0	0	0	0	-0.812728243275273	0.884640056993066	1.16459170192176	0.31058581146799	-0.524795217070751	-0.524795217070751	-0.524795217070751	-0.524795217070751	-0.857625097861265	-0.848419930491784	-1.06366811854458	0.73761670433569	1.01732317705965	-0.524795217070751
99	0	1	1	0	-0.812728243275273	0.884640056993066	-0.431259896143947	0.0963887001107553	-0.524795217070751	-0.524795217070751	-0.524795217070751	-0.524795217070751	-0.88420487841372	-0.30596218846291	-1.07653280211606	0.532770169635952	1.81962229646554	-0.524795217070751
100	1	1	1	0	1.83616380888117	0.884640056993066	-0.431259896143947	0.524782922825224	-0.524795217070751	-0.524795217070751	-0.524795217070751	-0.524795217070751	-0.944958662533617	-0.759154732436399	-1.0829651439018	-0.868647354233808	1.54841304151571	-0.524795217070751
101	1	0	1	0	1.83616380888117	0.884640056993066	-0.431259896143947	0.524782922825224	0.216092148205603	0.216092148205603	0.216092148205603	0.216092148205603	-0.870914988137492	-0.800354054615807	-0.983263846222817	-0.0602165451292327	0.283451831097873	0.216092148205603
102	0	0	1	0	1.83616380888117	0.884640056993066	-0.431259896143947	0.524782922825224	0.956979513481958	0.956979513481958	0.956979513481958	0.956979513481958	-0.935465883764883	-0.628690212201607	-1.0829651439018	-0.138962084895762	0.806315242455407	0.956979513481958
103	0	0	0	0	0.150505230236162	0.884640056993066	-1.34317509503864	1.16737425689693	-0.524795217070751	-0.524795217070751	-0.524795217070751	-0.524795217070751	-0.899393324443694	-0.518825353056519	0.624821600212406	-0.868647354233808	-0.518067360799264	-0.524795217070751
104	0	0	0	0	-0.090303138141697	0.884640056993066	-1.34317509503864	1.16737425689693	0.216092148205603	0.216092148205603	0.216092148205603	0.216092148205603	-0.83104531730881	-0.505092245663383	-0.259625395326967	-0.177213633629902	-0.518067360799264	0.216092148205603
105	1	0	1	1	0.39131359861402	-1.05135034128963	-2.02711149420965	1.16737425689693	0.216092148205603	0.216092148205603	0.216092148205603	0.216092148205603	-0.798769869495115	-0.752288178739831	0.0941534028887822	-0.868647354233808	-0.518067360799264	0.216092148205603
106	0	0	0	0	0.39131359861402	-1.05135034128963	-2.02711149420965	1.16737425689693	0.956979513481958	0.956979513481958	0.956979513481958	0.956979513481958	-0.880407766906226	0.621022560573773	0.599092233069442	-0.868647354233808	-0.518067360799264	0.956979513481958
107	0	0	0	0	-0.090303138141697	0.884640056993066	-1.34317509503864	1.16737425689693	0.956979513481958	0.956979513481958	0.956979513481958	0.956979513481958	-0.779784311957647	-0.800354054615807	0.550849669676385	-0.302602739518174	-0.518067360799264	0.956979513481958
108	0	0	0	0	0.150505230236162	0.884640056993066	-1.34317509503864	1.16737425689693	-1.26568258234711	-1.26568258234711	-1.26568258234711	-1.26568258234711	-0.7778857562039	-0.216696990407526	-0.963966820865594	0.118850493041438	0.206572927958034	-1.26568258234711
109	0	0	0	0	0.150505230236162	0.884640056993066	0.25267650302707	-0.760399745318182	-0.524795217070751	-0.524795217070751	-0.524795217070751	-0.524795217070751	-0.753204531405192	-0.127431792352142	0.332150048961195	-0.868647354233808	-0.518067360799264	-0.524795217070751
110	0	0	0	0	0.150505230236162	0.884640056993066	0.25267650302707	-0.760399745318182	0.956979513481958	0.956979513481958	0.956979513481958	0.956979513481958	-0.933567328011136	-0.141164899745278	0.100585744674523	-0.868647354233808	-0.518067360799264	0.956979513481958
111	0	0	0	0	0.39131359861402	-1.37401540767008	-1.34317509503864	1.16737425689693	-0.524795217070751	-0.524795217070751	-0.524795217070751	-0.524795217070751	-0.785479979218887	0.483691486642412	0.422202833961568	-0.868647354233808	-0.518067360799264	-0.524795217070751
112	0	0	0	0	0.150505230236162	0.884640056993066	0.25267650302707	-0.760399745318182	0.216092148205603	0.216092148205603	0.216092148205603	0.216092148205603	-0.859523653615012	-0.244163205193798	0.737387581462871	-0.868647354233808	-0.518067360799264	0.216092148205603
113	1	1	0	0	0.150505230236162	0.561974990612616	-0.659238695867619	0.0963887001107553	-0.524795217070751	-0.524795217070751	-0.524795217070751	-0.524795217070751	-0.931668772257389	-0.875886145278056	-1.028290238723	-0.360630050595024	0.666351248592076	-0.524795217070751
114	0	0	0	0	2.07697217725903	0.884640056993066	0.936612902198087	0.0963887001107553	0.216092148205603	0.216092148205603	0.216092148205603	0.216092148205603	-0.757001642912685	-0.82782026940208	-0.816022959793554	0.774358070175365	-0.233977197637504	0.216092148205603
115	0	0	0	0	0.39131359861402	-0.0833551421482827	-0.659238695867619	0.0963887001107553	-0.524795217070751	-0.524795217070751	-0.524795217070751	-0.524795217070751	-0.832943873062557	0.133497248117443	-0.93180511193689	1.96589894900889	-0.462458506674086	-0.524795217070751
116	0	0	0	0	-0.812728243275273	0.239309924232167	2.53246450026379	1.16737425689693	-0.524795217070751	-0.524795217070751	-0.524795217070751	-0.524795217070751	-0.857625097861265	0.0785648185448991	-0.960750649972724	0.791935168391547	-0.104569055069818	-0.524795217070751
117	0	0	0	0	2.07697217725903	0.884640056993066	0.936612902198087	0.0963887001107553	0.216092148205603	0.216092148205603	0.216092148205603	0.216092148205603	-0.813958315525089	0.346360412711052	-1.0829651439018	-0.44964792562161	3.9096685183936	0.216092148205603
118	0	0	0	1	0.150505230236162	-0.0833551421482827	0.708634102474415	0.31058581146799	0.216092148205603	0.216092148205603	0.216092148205603	0.216092148205603	-0.88420487841372	-0.553158121539359	-0.549080775685307	2.19560188108747	-0.518067360799264	0.216092148205603
119	0	0	0	1	0.150505230236162	-0.0833551421482827	0.708634102474415	0.31058581146799	-0.524795217070751	-0.524795217070751	-0.524795217070751	-0.524795217070751	-0.882306322659973	-0.560024675235927	-0.999344700687169	2.27086778405747	-0.275161174582248	-0.524795217070751
120	0	0	1	0	0.39131359861402	0.561974990612616	0.0246977033033981	0.0963887001107553	-0.524795217070751	-0.524795217070751	-0.524795217070751	-0.524795217070751	-0.842436651831291	-0.505092245663383	-1.01542555515152	-0.019437497355298	3.1321427865186	-0.524795217070751
